14188.763952
9332.886528
12975.500268
18061.555392
14070.174768
14176.387692
21065.308848
23169.737772
14933.600748
24988.448268
33858.263088
32630.463792
33984.589068
38078.178732
35868.331008
48553.258572
51594.672492
36532.691712
17257.847148
27589.279212
17592.570252
38963.379888
16344.634032
28270.084428
34642.9548
34848.291852
21669.9003
25008.165612
16320.727692
16464.428172
7904.3067
8023.013388
8030.461932
4423.68
4349.345328
2295.2268
2271.390768
945.613548
1338.923628
1113.536268
5340.494592
5366.347308
1013.252652
381.7152
155.779308
4.808268
1.5552
4.583088
180.559692
170.1027
4.363308
0.559872
15.5952
49.9392
97.47
152.425152
5930.0748
9129.200688
11413.2672
4416.7707
12334.892652
12309.513408
6699.388608
3975.316812
8428.272048
5693.989068
2884.488192
3739.117248
1944.329292
2082.335148
3991.058028
2771.750448
6810.423948
5476.533228
2002.496688
4.945968
7242.449868
5625.189612
9308.806848
6290.721792
20965.876812
20368.291212
25285.024908
25616.606508
24498.041868
43390.289088
46035.790128
47130.3468
50879.5587
39449.002752
32622.9552
26858.8332
36267.0075
22628.7675
18288.522252
33663.4947
45915.461388
46411.1532
24254.661168
16206.75
13998.7683
7098.132492
4237.671168
4068.904752
13947.173568
7166.590128
7325.823168
14422.442688
8131.355532
3163.292352
1785.494448
4761.6768
8019.290412
16907.415552
10142.871948
17238.739248
9724.441068
10778.4108
15700.094892
22044.783852
17556.75
13771.000512
11214.2988
9839.5587
12949.47
12970.765548
8163.248688
8034.1875
5987.834928
9057.848112
2028.624048
1070.269632
18081.113868
14417.450928
11041.090668
22911.0363
22697.604972
45245.414592
75745.723212
66279.765132
83514.765312
96934.501548
158589.6192
142271.3187
164495.526732
97148.166912
142114.5675
97251.846912
95606.028972
116112.800268
65825.713152
53178.7788
110232.868032
96056.423532
51269.429952
51377.729868
91543.499568
92040.974892
156897.3483
139400.927532
126188.185392
91405.202112
52124.791788
59495.886828
69754.110768
41769.168048
26600.576688
31366.414512
76565.938608
48713.685552
61021.3932
42443.025408
43698.2283
55157.198508
94197.393612
64388.508012
78621.230988
45236.572848
65330.7147
30015.602028
53876.0403
95940.5067
119084.951088
119106.469548
143134.9947
106375.189248
98135.359488
109200.182832
93357.230508
100256.294592
106293.857472
79158.311532
84823.2675
105151.738572
85879.828908
123975.593388
123734.207232
142475.224428
98859.4227
59181.978348
76704.03
85174.728012
32461.729452
84146.641452
36100.953612
24442.769088
17222.369472
21912.285888
13797.843372
16619.4747
16603.401708
22898.453868
40253.936688
55069.368588
76209.778368
44672.498352
15347.906028
37705.9563
34138.026828
26529.436332
26800.956972
27351.582768
43546.2912
56413.9107
63071.520048
71077.793328
75940.339212
92141.893548
80055.548208
68345.028288
57012.830208
69507.305388
57859.630128
55877.095728
48603.649968
30601.788012
31164.282252
50104.280268
127275.866028
168592.3308
129255.9147
127038.694572
130004.2467
129226.026348
191720.486412
201600.5787
130829.9067
119832.0588
85727.621808
44356.761648
40655.261232
33435.0747
22936.211532
41417.340012
29832.2352
56300.424192
42850.788588
26536.2075
36524.7468
48498.315948
41294.762928
45675.2763
22401.101232
22370.003712
18655.752492
16799.484672
19018.0332
25580.0268
33957.772992
38102.517612
29306.850732
33892.6923
47632.536108
45546.547968
35221.767948
42816.375468
38057.902272
17656.033968
16616.795328
13361.881932
18353.227968
17230.553388
33404.677452
33640.617708
13819.825152
25380.9612
25533.508608
21912.285888
12779.735472
22047.869952
24553.377072
32562.917568
45826.430508
49783.7772
45657.509868
34476.806412
43130.907648
46905.0048
59151.644172
62062.932672
51363.597312
15273.323712
5269.3443
6429.958848
11627.428608
9425.480112
16686.5292
6195.471408
13969.273932
14422.442688
17326.176048
35915.583168
15953.729328
21590.422668
16093.171692
20255.7267
10647.184428
6760.772352
2848.877568
205.079472
1056.713472
1666.351872
1868.106348
1922.395788
1313.943552
668.535552
364.850352
406.887948
3693.503232
24241.714992
24546.863808
27665.2827
6118.818732
6073.380108
14126.936652
2928.187692
2448.049068
57216.487212
58783.2012
47932.396812
40178.909952
32604.1875
58415.909292
58838.646348
76445.2107
65272.290048
54209.435328
36255.133872
35923.461552
17359.021872
32218.774272
13357.077228
11181.3075
6370.0992
6184.024812
4810.565808
9730.590912
8110.752048
12199.073472
12002.446512
9113.320368
10943.030448
10838.914992
15985.248048
15951.104172
14327.746992
10330.0272
19150.112448
27108.070092
16019.428428
15924.864492
16456.428288
9833.374512
25716.502188
20752.744752
26158.352652
4544.766252
10657.910448
20170.032048
15629.8572
19589.798592
21906.132912
28106.073792
16721.450892
12618.123948
4548.9708
2805.776172
5893.319052
15780.932352
13371.493932
7049.186028
5583.1788
13956.993792
8697.529008
6602.770188
19072.532268
48251.459052
46621.842732
23157.084492
26014.0032
29161.147392
53755.4988
67710.764268
104015.788848
59273.027532
16791.403788
19213.442352
26678.601612
25103.575728
65532.746412
83232.697068
104895.7803
133861.943088
64225.115568
49228.83
24579.438768
22610.011788
16783.324848
19767.654828
22804.195788
23515.869888
26505.744048
24893.257392
25215.6672
34461.371052
28308.5388
53461.944108
52272.0
24300.0
18252.0
6912.0
18252.0
15552.0
15552.0
18252.0
31212.0
27648.0
27648.0
18252.0
21168.0
21168.0
27648.0
27648.0
31212.0
24300.0
21168.0
21168.0
24300.0
15552.0
21168.0
34992.0
31212.0
34992.0
52272.0
67500.0
52272.0
57132.0
52272.0
52272.0
57132.0
73008.0
90828.0
110592.0
90828.0
84672.0
78732.0
52272.0
110592.0
103788.0
90828.0
90828.0
147852.0
164268.0
209088.0
132300.0
78732.0
117612.0
132300.0
181548.0
147852.0
164268.0
155952.0
139968.0
181548.0
139968.0
117612.0
155952.0
90828.0
132300.0
84672.0
124848.0
110592.0
155952.0
139968.0
181548.0
124848.0
139968.0
124848.0
124848.0
97200.0
73008.0
90828.0
90828.0
90828.0
84672.0
103788.0
90828.0
110592.0
132300.0
78732.0
84672.0
124848.0
84672.0
67500.0
103788.0
110592.0
73008.0
110592.0
110592.0
73008.0
78732.0
84672.0
78732.0
84672.0
78732.0
62208.0
62208.0
34992.0
18252.0
3888.0
5292.0
15552.0
21168.0
31212.0
38988.0
31212.0
18252.0
34992.0
38988.0
62208.0
67500.0
43200.0
24300.0
27648.0
31212.0
38988.0
43200.0
31212.0
43200.0
38988.0
24300.0
13068.0
21168.0
38988.0
47628.0
38988.0
43200.0
31212.0
27648.0
31212.0
47628.0
38988.0
18252.0
18252.0
10800.0
972.0
1728.0
5292.0
8748.0
6912.0
3888.0
10800.0
31212.0
43200.0
57132.0
73008.0
62208.0
67500.0
52272.0
62208.0
62208.0
15552.0
8748.0
18252.0
21168.0
27648.0
21168.0
5292.0
6912.0
27648.0
34992.0
18252.0
2700.0
0.0
2700.0
10800.0
6912.0
972.0
6912.0
31212.0
52272.0
38988.0
57132.0
62208.0
62208.0
84672.0
47628.0
57132.0
62208.0
52272.0
27648.0
18252.0
13068.0
5292.0
3888.0
3888.0
21168.0
15552.0
24300.0
21168.0
18252.0
18252.0
2700.0
8748.0
43200.0
73008.0
73008.0
73008.0
73008.0
31212.0
43200.0
52272.0
47628.0
27648.0
972.0
1728.0
5292.0
5292.0
27648.0
8748.0
432.0
8748.0
5292.0
10800.0
15552.0
52272.0
31212.0
43200.0
21168.0
31212.0
57132.0
43200.0
24300.0
31212.0
21168.0
10800.0
6912.0
15552.0
31212.0
18252.0
24300.0
62208.0
43200.0
24300.0
15552.0
10800.0
13068.0
13068.0
34992.0
31212.0
47628.0
27648.0
18252.0
31212.0
47628.0
34992.0
21168.0
5292.0
2700.0
21168.0
15552.0
8748.0
15552.0
15552.0
18252.0
18252.0
21168.0
34992.0
27648.0
24300.0
18252.0
15552.0
15552.0
13068.0
21168.0
21168.0
34992.0
21168.0
21168.0
24300.0
24300.0
24300.0
38988.0
27648.0
21168.0
24300.0
21168.0
27648.0
27648.0
27648.0
31212.0
31212.0
31212.0
34992.0
27648.0
24300.0
31212.0
34992.0
43200.0
31212.0
43200.0
67500.0
62208.0
34992.0
38988.0
47628.0
67500.0
52272.0
67500.0
73008.0
52272.0
52272.0
62208.0
62208.0
62208.0
52272.0
84672.0
78732.0
52272.0
90828.0
67500.0
90828.0
97200.0
139968.0
139968.0
117612.0
110592.0
139968.0
164268.0
110592.0
124848.0
117612.0
132300.0
110592.0
132300.0
199692.0
155952.0
67500.0
124848.0
110592.0
110592.0
124848.0
110592.0
199692.0
199692.0
209088.0
139968.0
190512.0
147852.0
164268.0
147852.0
132300.0
132300.0
132300.0
103788.0
90828.0
124848.0
73008.0
97200.0
90828.0
57132.0
62208.0
73008.0
97200.0
90828.0
103788.0
84672.0
67500.0
52272.0
62208.0
90828.0
78732.0
73008.0
62208.0
67500.0
67500.0
43200.0
47628.0
57132.0
57132.0
47628.0
47628.0
38988.0
43200.0
57132.0
52272.0
43200.0
47628.0
43200.0
31212.0
21168.0
21168.0
18252.0
15552.0
15552.0
15552.0
15552.0
13068.0
8748.0
5292.0
6912.0
6912.0
8748.0
13068.0
8748.0
10800.0
21168.0
34992.0
8748.0
1728.0
972.0
1728.0
8748.0
5292.0
6912.0
24300.0
13068.0
5292.0
3888.0
6912.0
15552.0
15552.0
13068.0
15552.0
31212.0
31212.0
21168.0
21168.0
31212.0
43200.0
57132.0
73008.0
73008.0
67500.0
73008.0
62208.0
34992.0
24300.0
27648.0
24300.0
31212.0
34992.0
52272.0
38988.0
31212.0
27648.0
47628.0
47628.0
43200.0
43200.0
24300.0
15552.0
13068.0
21168.0
15552.0
13068.0
18252.0
34992.0
43200.0
38988.0
34992.0
24300.0
24300.0
34992.0
13068.0
8748.0
6912.0
2700.0
3888.0
24300.0
15552.0
24300.0
38988.0
34992.0
27648.0
27648.0
24300.0
24300.0
13068.0
3888.0
972.0
1728.0
432.0
1728.0
5292.0
8748.0
13068.0
13068.0
8748.0
15552.0
13068.0
6912.0
18252.0
21168.0
31212.0
21168.0
57132.0
24300.0
43200.0
52272.0
34992.0
52272.0
52272.0
34992.0
8748.0
21168.0
18252.0
21168.0
34992.0
27648.0
21168.0
24300.0
24300.0
15552.0
15552.0
5292.0
6912.0
5292.0
15552.0
10800.0
10800.0
6912.0
15552.0
8748.0
6912.0
3888.0
21168.0
52272.0
47628.0
47628.0
57132.0
52272.0
43200.0
57132.0
52272.0
57132.0
57132.0
31212.0
57132.0
47628.0
62208.0
73008.0
43200.0
13068.0
24300.0
8748.0
13068.0
38988.0
43200.0
18252.0
13068.0
21168.0
24300.0
13068.0
972.0
1728.0
10800.0
3888.0
10800.0
8748.0
5292.0
13068.0
15552.0
15552.0
21168.0
18252.0
21168.0
24300.0
13068.0
15552.0
10800.0
21168.0
18252.0
15552.0
21168.0
21168.0
21168.0
15552.0
18252.0
18252.0
13068.0
13068.0
21168.0
10800.0
21168.0
15552.0
13068.0
10800.0
13068.0
18252.0
15552.0
21168.0
24300.0
24300.0
18252.0
21168.0
27648.0
24300.0
21168.0
38988.0
27648.0
31212.0
27648.0
43200.0
67500.0
67500.0
73008.0
34992.0
52272.0
47628.0
43200.0
27648.0
57132.0
57132.0
67500.0
52272.0
73008.0
132300.0
110592.0
139968.0
117612.0
124848.0
139968.0
147852.0
172800.0
117612.0
103788.0
62208.0
132300.0
110592.0
84672.0
90828.0
84672.0
117612.0
90828.0
67500.0
139968.0
110592.0
132300.0
124848.0
124848.0
78732.0
90828.0
110592.0
57132.0
84672.0
52272.0
62208.0
57132.0
97200.0
67500.0
57132.0
47628.0
43200.0
47628.0
34992.0
34992.0
31212.0
27648.0
38988.0
43200.0
57132.0
62208.0
78732.0
62208.0
52272.0
47628.0
43200.0
52272.0
67500.0
47628.0
43200.0
52272.0
43200.0
43200.0
27648.0
27648.0
38988.0
34992.0
24300.0
27648.0
21168.0
21168.0
15552.0
27648.0
24300.0
21168.0
24300.0
31212.0
24300.0
31212.0
57132.0
47628.0
43200.0
57132.0
38988.0
57132.0
57132.0
38988.0
24300.0
27648.0
43200.0
47628.0
47628.0
34992.0
47628.0
43200.0
43200.0
31212.0
34992.0
43200.0
34992.0
43200.0
38988.0
31212.0
38988.0
34992.0
43200.0
38988.0
27648.0
21168.0
27648.0
31212.0
31212.0
31212.0
31212.0
38988.0
24300.0
31212.0
24300.0
31212.0
38988.0
27648.0
34992.0
43200.0
38988.0
31212.0
34992.0
27648.0
24300.0
31212.0
27648.0
24300.0
18252.0
24300.0
21168.0
21168.0
21168.0
15552.0
15552.0
15552.0
15552.0
13068.0
18252.0
15552.0
18252.0
21168.0
34992.0
27648.0
18252.0
10800.0
6912.0
13068.0
13068.0
21168.0
8748.0
6912.0
6912.0
2700.0
432.0
3888.0
3888.0
2700.0
1728.0
1728.0
108.0
972.0
3888.0
6912.0
1728.0
2700.0
5292.0
1728.0
108.0
2700.0
3888.0
6912.0
5292.0
5292.0
24300.0
52272.0
57132.0
57132.0
47628.0
47628.0
52272.0
52272.0
67500.0
84672.0
117612.0
199692.0
228528.0
218700.0
155952.0
132300.0
124848.0
139968.0
47628.0
43200.0
84672.0
67500.0
47628.0
47628.0
31212.0
38988.0
34992.0
67500.0
67500.0
67500.0
90828.0
90828.0
78732.0
97200.0
90828.0
117612.0
132300.0
110592.0
132300.0
124848.0
124848.0
172800.0
132300.0
117612.0
139968.0
155952.0
103788.0
147852.0
110592.0
147852.0
110592.0
147852.0
164268.0
139968.0
199692.0
218700.0
228528.0
259308.0
270000.0
248832.0
228528.0
259308.0
164268.0
303372.0
238572.0
172800.0
147852.0
117612.0
97200.0
132300.0
147852.0
117612.0
67500.0
67500.0
90828.0
78732.0
164268.0
190512.0
139968.0
103788.0
97200.0
84672.0
67500.0
155952.0
238572.0
155952.0
124848.0
139968.0
97200.0
199692.0
155952.0
62208.0
326700.0
259308.0
248832.0
228528.0
270000.0
415152.0
314928.0
248832.0
314928.0
155952.0
190512.0
303372.0
228528.0
280908.0
110592.0
190512.0
199692.0
303372.0
155952.0
155952.0
155952.0
199692.0
155952.0
218700.0
172800.0
164268.0
78732.0
164268.0
172800.0
218700.0
97200.0
110592.0
155952.0
155952.0
47628.0
84672.0
117612.0
103788.0
103788.0
147852.0
139968.0
228528.0
164268.0
181548.0
209088.0
228528.0
164268.0
147852.0
155952.0
181548.0
164268.0
164268.0
209088.0
190512.0
181548.0
147852.0
132300.0
117612.0
84672.0
84672.0
103788.0
90828.0
57132.0
73008.0
52272.0
21168.0
18252.0
27648.0
38988.0
21168.0
38988.0
78732.0
84672.0
57132.0
57132.0
62208.0
34992.0
34992.0
52272.0
73008.0
57132.0
73008.0
84672.0
84672.0
67500.0
73008.0
84672.0
73008.0
67500.0
84672.0
97200.0
84672.0
73008.0
67500.0
73008.0
57132.0
57132.0
57132.0
62208.0
57132.0
67500.0
84672.0
52272.0
47628.0
47628.0
38988.0
21168.0
15552.0
18252.0
24300.0
15552.0
13068.0
15552.0
18252.0
21168.0
15552.0
21168.0
18252.0
21168.0
27648.0
13068.0
3888.0
10800.0
5292.0
972.0
0.0
0.0
108.0
0.0
0.0
972.0
0.0
0.0
0.0
108.0
3888.0
5292.0
10800.0
21168.0
27648.0
27648.0
24300.0
21168.0
13068.0
10800.0
18252.0
15552.0
13068.0
8748.0
972.0
0.0
0.0
0.0
108.0
3888.0
432.0
13068.0
8748.0
2700.0
2700.0
6912.0
21168.0
31212.0
38988.0
47628.0
67500.0
67500.0
67500.0
73008.0
47628.0
34992.0
34992.0
24300.0
34992.0
67500.0
67500.0
47628.0
67500.0
52272.0
31212.0
38988.0
38988.0
27648.0
10800.0
18252.0
13068.0
1728.0
3888.0
972.0
2700.0
1728.0
2700.0
5292.0
8748.0
13068.0
15552.0
24300.0
31212.0
18252.0
13068.0
34992.0
38988.0
34992.0
38988.0
34992.0
31212.0
15552.0
8748.0
3888.0
432.0
972.0
108.0
108.0
972.0
108.0
0.0
972.0
8748.0
1728.0
108.0
108.0
972.0
3888.0
10800.0
27648.0
24300.0
27648.0
13068.0
15552.0
18252.0
8748.0
18252.0
2700.0
2700.0
10800.0
43200.0
62208.0
84672.0
103788.0
90828.0
124848.0
103788.0
164268.0
147852.0
139968.0
117612.0
124848.0
181548.0
164268.0
124848.0
190512.0
280908.0
238572.0
199692.0
199692.0
164268.0
52272.0
57132.0
97200.0
52272.0
97200.0
73008.0
57132.0
84672.0
47628.0
34992.0
34992.0
24300.0
43200.0
90828.0
62208.0
43200.0
57132.0
21168.0
34992.0
84672.0
47628.0
62208.0
90828.0
78732.0
78732.0
67500.0
62208.0
57132.0
34992.0
21168.0
31212.0
21168.0
52272.0
24300.0
27648.0
18252.0
43200.0
52272.0
52272.0
43200.0
27648.0
21168.0
21168.0
62208.0
34992.0
31212.0
67500.0
27648.0
31212.0
52272.0
67500.0
67500.0
47628.0
43200.0
57132.0
62208.0
78732.0
43200.0
73008.0
97200.0
103788.0
90828.0
90828.0
132300.0
181548.0
139968.0
147852.0
181548.0
124848.0
155952.0
164268.0
139968.0
124848.0
103788.0
155952.0
155952.0
84672.0
97200.0
117612.0
67500.0
124848.0
97200.0
73008.0
62208.0
47628.0
31212.0
31212.0
24300.0
21168.0
18252.0
6912.0
10800.0
18252.0
21168.0
8748.0
10800.0
18252.0
15552.0
18252.0
21168.0
6912.0
6912.0
10800.0
34992.0
24300.0
31212.0
21168.0
24300.0
27648.0
21168.0
21168.0
31212.0
47628.0
27648.0
34992.0
27648.0
38988.0
43200.0
62208.0
52272.0
52272.0
67500.0
52272.0
47628.0
62208.0
62208.0
31212.0
15552.0
8748.0
13068.0
24300.0
27648.0
31212.0
52272.0
73008.0
84672.0
84672.0
90828.0
84672.0
73008.0
47628.0
52272.0
57132.0
47628.0
31212.0
24300.0
18252.0
27648.0
27648.0
34992.0
34992.0
34992.0
27648.0
24300.0
27648.0
31212.0
34992.0
43200.0
43200.0
15552.0
3888.0
1728.0
1728.0
6912.0
6912.0
10800.0
8748.0
8748.0
10800.0
8748.0
2700.0
972.0
972.0
3888.0
3888.0
1728.0
432.0
972.0
108.0
0.0
1728.0
3888.0
5292.0
5292.0
6912.0
3888.0
6912.0
5292.0
2700.0
2700.0
3888.0
432.0
1728.0
3888.0
5292.0
6912.0
5292.0
2700.0
972.0
0.0
0.0
0.0
0.0
1728.0
432.0
972.0
2700.0
1728.0
1728.0
432.0
108.0
108.0
0.0
0.0
432.0
108.0
0.0
108.0
972.0
1728.0
1728.0
972.0
10800.0
5292.0
5292.0
18252.0
8748.0
10800.0
31212.0
21168.0
13068.0
10800.0
13068.0
10800.0
10800.0
13068.0
15552.0
18252.0
21168.0
15552.0
13068.0
15552.0
27648.0
15552.0
6912.0
3888.0
10800.0
5292.0
6912.0
15552.0
18252.0
21168.0
27648.0
38988.0
31212.0
21168.0
10800.0
24300.0
27648.0
24300.0
18252.0
24300.0
18252.0
18252.0
13068.0
3888.0
21168.0
18252.0
432.0
0.0
2700.0
6912.0
8748.0
972.0
972.0
6912.0
2700.0
10800.0
5292.0
2700.0
972.0
2700.0
1728.0
6912.0
8748.0
5292.0
3888.0
5292.0
8748.0
8748.0
13068.0
8748.0
13068.0
13068.0
10800.0
10800.0
13068.0
15552.0
13068.0
13068.0
21168.0
27648.0
15552.0
24300.0
13068.0
13068.0
10800.0
13068.0
13068.0
10800.0
13068.0
18252.0
31212.0
21168.0
27648.0
13068.0
27648.0
27648.0
43200.0
43200.0
47628.0
31212.0
27648.0
47628.0
43200.0
38988.0
34992.0
57132.0
57132.0
84672.0
84672.0
97200.0
97200.0
190512.0
218700.0
270000.0
238572.0
314928.0
401868.0
415152.0
338688.0
456300.0
338688.0
375948.0
375948.0
428652.0
428652.0
401868.0
350892.0
292032.0
375948.0
388800.0
514188.0
442368.0
401868.0
363312.0
375948.0
415152.0
442368.0
350892.0
401868.0
280908.0
270000.0
484812.0
514188.0
428652.0
401868.0
415152.0
401868.0
529200.0
484812.0
559872.0
541518.0588
499392.0
456300.0
499392.0
401868.0
456300.0
303372.0
338688.0
363312.0
388800.0
415152.0
350892.0
350892.0
303372.0
326700.0
326700.0
375948.0
303372.0
248832.0
218700.0
338688.0
303372.0
199692.0
238572.0
218700.0
218700.0
218700.0
199692.0
117612.0
132300.0
97200.0
132300.0
139968.0
124848.0
132300.0
172800.0
132300.0
132300.0
147852.0
155952.0
164268.0
190512.0
155952.0
209088.0
164268.0
209088.0
190512.0
164268.0
164268.0
147852.0
97200.0
110592.0
132300.0
132300.0
155952.0
124848.0
132300.0
124848.0
124848.0
117612.0
97200.0
117612.0
117612.0
84672.0
132300.0
90828.0
97200.0
139968.0
124848.0
67500.0
90828.0
97200.0
84672.0
124848.0
43200.0
84672.0
27648.0
27648.0
21168.0
43200.0
47628.0
172800.0
90828.0
57132.0
84672.0
67500.0
38988.0
52272.0
47628.0
31212.0
38988.0
34992.0
34992.0
24300.0
27648.0
43200.0
27648.0
31212.0
18252.0
38988.0
57132.0
73008.0
62208.0
62208.0
47628.0
57132.0
43200.0
52272.0
38988.0
47628.0
38988.0
34992.0
34992.0
38988.0
47628.0
47628.0
43200.0
24300.0
18252.0
18252.0
31212.0
13068.0
47628.0
8748.0
52272.0
18252.0
10800.0
10800.0
43200.0
10800.0
10800.0
10800.0
8748.0
18252.0
10800.0
18252.0
8748.0
5292.0
24300.0
43200.0
38988.0
27648.0
24300.0
15552.0
6912.0
5292.0
8748.0
10800.0
8748.0
15552.0
18252.0
21168.0
10800.0
24300.0
24300.0
38988.0
38988.0
38988.0
31212.0
47628.0
24300.0
27648.0
34992.0
31212.0
38988.0
62208.0
47628.0
34992.0
38988.0
38988.0
31212.0
57132.0
57132.0
31212.0
47628.0
38988.0
38988.0
67500.0
57132.0
52272.0
31212.0
5292.0
15552.0
15552.0
8748.0
10800.0
21168.0
31212.0
27648.0
43200.0
24300.0
24300.0
21168.0
8748.0
13068.0
24300.0
27648.0
27648.0
15552.0
10800.0
6912.0
13068.0
5292.0
5292.0
3888.0
3888.0
6912.0
8748.0
8748.0
10800.0
10800.0
10800.0
8748.0
18252.0
18252.0
27648.0
24300.0
38988.0
52272.0
43200.0
38988.0
24300.0
8748.0
10800.0
18252.0
27648.0
34992.0
31212.0
24300.0
18252.0
27648.0
27648.0
27648.0
31212.0
31212.0
34992.0
34992.0
31212.0
43200.0
47628.0
43200.0
31212.0
38988.0
38988.0
67500.0
73008.0
84672.0
90828.0
84672.0
67500.0
90828.0
78732.0
139968.0
124848.0
110592.0
117612.0
97200.0
124848.0
155952.0
117612.0
124848.0
139968.0
139968.0
139968.0
132300.0
132300.0
110592.0
139968.0
117612.0
117612.0
117612.0
147852.0
155952.0
172800.0
147852.0
103788.0
155952.0
155952.0
155952.0
172800.0
139968.0
117612.0
132300.0
124848.0
172800.0
147852.0
147852.0
124848.0
110592.0
110592.0
103788.0
97200.0
103788.0
103788.0
78732.0
124848.0
90828.0
84672.0
67500.0
43200.0
47628.0
52272.0
78732.0
67500.0
67500.0
52272.0
43200.0
43200.0
57132.0
43200.0
38988.0
57132.0
62208.0
24300.0
18252.0
31212.0
27648.0
21168.0
24300.0
27648.0
18252.0
21168.0
27648.0
13068.0
10800.0
34992.0
34992.0
13068.0
8748.0
13068.0
18252.0
15552.0
15552.0
8748.0
8748.0
18252.0
21168.0
5292.0
10800.0
21168.0
10800.0
24300.0
15552.0
15552.0
6912.0
27648.0
18252.0
21168.0
24300.0
31212.0
34992.0
21168.0
31212.0
27648.0
27648.0
31212.0
43200.0
27648.0
21168.0
27648.0
52272.0
21168.0
21168.0
38988.0
34992.0
38988.0
24300.0
21168.0
27648.0
21168.0
24300.0
52272.0
57132.0
34992.0
34992.0
31212.0
43200.0
27648.0
21168.0
47628.0
27648.0
3888.0
8748.0
21168.0
18252.0
24300.0
8748.0
3888.0
10800.0
6912.0
18252.0
24300.0
15552.0
5292.0
3888.0
1728.0
6912.0
3888.0
15552.0
13068.0
15552.0
15552.0
27648.0
52272.0
43200.0
43200.0
38988.0
21168.0
31212.0
31212.0
43200.0
52272.0
90828.0
57132.0
62208.0
52272.0
15552.0
18252.0
3888.0
18252.0
27648.0
31212.0
15552.0
5292.0
6912.0
8748.0
15552.0
6912.0
5292.0
5292.0
8748.0
6912.0
6912.0
1728.0
8748.0
27648.0
47628.0
43200.0
27648.0
38988.0
47628.0
38988.0
34992.0
31212.0
27648.0
31212.0
15552.0
15552.0
15552.0
18252.0
31212.0
27648.0
21168.0
31212.0
34992.0
38988.0
18252.0
24300.0
24300.0
27648.0
31212.0
24300.0
31212.0
21168.0
13068.0
52272.0
90828.0
117612.0
139968.0
147852.0
90828.0
97200.0
181548.0
218700.0
181548.0
132300.0
124848.0
132300.0
110592.0
78732.0
67500.0
73008.0
90828.0
90828.0
84672.0
117612.0
124848.0
248832.0
190512.0
259308.0
270000.0
218700.0
164268.0
90828.0
84672.0
90828.0
270000.0
139968.0
117612.0
73008.0
132300.0
117612.0
103788.0
103788.0
103788.0
110592.0
218700.0
139968.0
209088.0
209088.0
132300.0
228528.0
117612.0
132300.0
124848.0
110592.0
110592.0
117612.0
147852.0
155952.0
117612.0
110592.0
172800.0
228528.0
228528.0
238572.0
292032.0
280908.0
155952.0
155952.0
164268.0
164268.0
110592.0
103788.0
117612.0
139968.0
78732.0
209088.0
164268.0
181548.0
90828.0
190512.0
84672.0
97200.0
124848.0
110592.0
155952.0
110592.0
147852.0
78732.0
103788.0
147852.0
117612.0
132300.0
172800.0
110592.0
84672.0
62208.0
38988.0
57132.0
132300.0
52272.0
18252.0
57132.0
43200.0
34992.0
52272.0
24300.0
13068.0
21168.0
84672.0
78732.0
62208.0
47628.0
78732.0
67500.0
103788.0
132300.0
90828.0
73008.0
62208.0
52272.0
52272.0
43200.0
18252.0
43200.0
38988.0
31212.0
78732.0
97200.0
78732.0
97200.0
62208.0
78732.0
52272.0
43200.0
21168.0
47628.0
62208.0
43200.0
67500.0
62208.0
34992.0
38988.0
38988.0
47628.0
34992.0
52272.0
67500.0
57132.0
43200.0
57132.0
62208.0
52272.0
47628.0
73008.0
57132.0
31212.0
47628.0
57132.0
47628.0
43200.0
43200.0
31212.0
38988.0
31212.0
24300.0
24300.0
15552.0
18252.0
62208.0
34992.0
57132.0
38988.0
21168.0
38988.0
34992.0
18252.0
24300.0
24300.0
31212.0
34992.0
47628.0
47628.0
34992.0
31212.0
34992.0
43200.0
38988.0
52272.0
57132.0
73008.0
97200.0
62208.0
27648.0
15552.0
31212.0
47628.0
6912.0
24300.0
132300.0
67500.0
62208.0
47628.0
8748.0
27648.0
5292.0
8748.0
21168.0
5292.0
5292.0
10800.0
5292.0
27648.0
47628.0
43200.0
97200.0
97200.0
103788.0
103788.0
155952.0
103788.0
139968.0
164268.0
181548.0
238572.0
259308.0
259308.0
164268.0
164268.0
181548.0
181548.0
190512.0
190512.0
209088.0
238572.0
238572.0
248832.0
238572.0
270000.0
259308.0
218700.0
209088.0
209088.0
248832.0
209088.0
259308.0
228528.0
199692.0
190512.0
172800.0
181548.0
172800.0
218700.0
181548.0
181548.0
181548.0
218700.0
238572.0
314928.0
292032.0
259308.0
248832.0
228528.0
199692.0
199692.0
155952.0
124848.0
67500.0
43200.0
110592.0
181548.0
147852.0
209088.0
270000.0
248832.0
270000.0
199692.0
181548.0
209088.0
172800.0
190512.0
363312.0
470448.0
415152.0
292032.0
218700.0
164268.0
181548.0
172800.0
190512.0
190512.0
270000.0
228528.0
259308.0
238572.0
248832.0
238572.0
314928.0
326700.0
326700.0
292032.0
280908.0
326700.0
401868.0
350892.0
442368.0
442368.0
470448.0
544428.0
591408.0
640332.0
415152.0
401868.0
338688.0
259308.0
375948.0
338688.0
415152.0
401868.0
218700.0
388800.0
314928.0
238572.0
415152.0
442368.0
401868.0
338688.0
155952.0
103788.0
139968.0
67500.0
103788.0
164268.0
181548.0
164268.0
110592.0
228528.0
181548.0
190512.0
199692.0
124848.0
139968.0
190512.0
172800.0
155952.0
124848.0
117612.0
164268.0
132300.0
147852.0
181548.0
209088.0
164268.0
181548.0
139968.0
147852.0
155952.0
90828.0
124848.0
132300.0
110592.0
110592.0
84672.0
139968.0
90828.0
57132.0
34992.0
73008.0
43200.0
90828.0
90828.0
67500.0
117612.0
110592.0
62208.0
73008.0
24300.0
24300.0
21168.0
31212.0
38988.0
18252.0
57132.0
21168.0
21168.0
24300.0
21168.0
31212.0
43200.0
52272.0
52272.0
21168.0
15552.0
6912.0
15552.0
31212.0
34992.0
31212.0
24300.0
47628.0
31212.0
27648.0
31212.0
124848.0
124848.0
117612.0
90828.0
147852.0
84672.0
132300.0
97200.0
132300.0
147852.0
164268.0
238572.0
238572.0
164268.0
181548.0
181548.0
139968.0
139968.0
147852.0
117612.0
139968.0
139968.0
110592.0
84672.0
38988.0
34992.0
67500.0
67500.0
52272.0
67500.0
110592.0
90828.0
52272.0
57132.0
78732.0
67500.0
47628.0
31212.0
57132.0
38988.0
31212.0
31212.0
24300.0
24300.0
21168.0
21168.0
24300.0
24300.0
18252.0
21168.0
18252.0
8748.0
8748.0
10800.0
18252.0
31212.0
52272.0
43200.0
43200.0
38988.0
62208.0
67500.0
73008.0
78732.0
84672.0
139968.0
139968.0
117612.0
73008.0
97200.0
67500.0
67500.0
57132.0
73008.0
84672.0
78732.0
78732.0
84672.0
78732.0
78732.0
57132.0
38988.0
38988.0
57132.0
57132.0
31212.0
21168.0
34992.0
24300.0
27648.0
47628.0
62208.0
73008.0
52272.0
84672.0
110592.0
90828.0
78732.0
73008.0
97200.0
139968.0
73008.0
124848.0
155952.0
124848.0
57132.0
62208.0
21168.0
27648.0
34992.0
24300.0
24300.0
10800.0
8748.0
21168.0
34992.0
21168.0
8748.0
15552.0
15552.0
27648.0
31212.0
38988.0
52272.0
38988.0
21168.0
24300.0
47628.0
24300.0
24300.0
38988.0
43200.0
43200.0
57132.0
38988.0
52272.0
43200.0
57132.0
67500.0
73008.0
57132.0
27648.0
21168.0
31212.0
31212.0
21168.0
27648.0
27648.0
38988.0
78732.0
57132.0
52272.0
62208.0
38988.0
27648.0
8748.0
1728.0
10800.0
18252.0
52272.0
38988.0
27648.0
24300.0
34992.0
47628.0
47628.0
84672.0
73008.0
34992.0
57132.0
67500.0
52272.0
47628.0
57132.0
52272.0
31212.0
110592.0
117612.0
52272.0
43200.0
27648.0
34992.0
43200.0
47628.0
73008.0
47628.0
78732.0
97200.0
155952.0
103788.0
67500.0
31212.0
31212.0
38988.0
43200.0
84672.0
62208.0
47628.0
38988.0
38988.0
27648.0
15552.0
18252.0
38988.0
27648.0
27648.0
27648.0