1.1462
0.9296
1.0961
1.2932
1.1414
1.1457
1.3966
1.4647
1.1759
1.5211
1.7706
1.7382
1.7739
1.8777
1.8224
2.1203
2.1857
1.8392
1.2641
1.5983
1.2763
1.8994
1.2302
1.6179
1.791
1.7963
1.4165
1.5217
1.2293
1.2347
0.8555
0.8619
0.8623
0.64
0.6346
0.461
0.4586
0.2959
0.3521
0.3211
0.7032
0.7049
0.3063
0.188
0.1201
0.0211
0.012
0.0206
0.1293
0.1255
0.0201
0.0072
0.038
0.068
0.095
0.1188
0.741
0.9194
1.028
0.6395
1.0687
1.0676
0.7876
0.6067
0.8834
0.7261
0.5168
0.5884
0.4243
0.4391
0.6079
0.5066
0.7941
0.7121
0.4306
0.0214
0.8189
0.7217
0.9284
0.7632
1.3933
1.3733
1.5301
1.5401
1.5061
2.0044
2.0646
2.089
2.1705
1.9112
1.738
1.577
1.8325
1.4475
1.3013
1.7655
2.0619
2.073
1.4986
1.225
1.1385
0.8107
0.6264
0.6138
1.1364
0.8146
0.8236
1.1556
0.8677
0.5412
0.4066
0.664
0.8617
1.2512
0.9691
1.2634
0.9489
0.999
1.2057
1.4287
1.275
1.1292
1.019
0.9545
1.095
1.0959
0.8694
0.8625
0.7446
0.9158
0.4334
0.3148
1.2939
1.1554
1.0111
1.4565
1.4497
2.0468
2.6483
2.4773
2.7808
2.9959
3.832
3.6295
3.9027
2.9992
3.6275
3.0008
2.9753
3.2789
2.4688
2.219
3.1948
2.9823
2.1788
2.1811
2.9114
2.9193
3.8115
3.5927
3.4182
2.9092
2.1969
2.3471
2.5414
1.9666
1.5694
1.7042
2.6626
2.1238
2.377
1.9824
2.0115
2.2599
2.9533
2.4417
2.6981
2.0466
2.4595
1.6671
2.2335
2.9805
3.3206
3.3209
3.6405
3.1384
3.0144
3.1798
2.9401
3.0468
3.1372
2.7073
2.8025
3.1203
2.8199
3.3881
3.3848
3.6321
3.0255
2.3409
2.665
2.8083
1.7337
2.7913
1.8283
1.5044
1.2628
1.4244
1.1303
1.2405
1.2399
1.4561
1.9306
2.2581
2.6564
2.0338
1.1921
1.8685
1.7779
1.5673
1.5753
1.5914
2.008
2.2855
2.4166
2.5654
2.6517
2.9209
2.7226
2.5156
2.2976
2.5369
2.3146
2.2746
2.1214
1.6833
1.6987
2.1539
3.4329
3.951
3.4595
3.4297
3.4695
3.4591
4.2133
4.3205
3.4805
3.331
2.8174
2.0266
1.9402
1.7595
1.4573
1.9583
1.662
2.2832
1.9919
1.5675
1.839
2.1191
1.9554
2.0565
1.4402
1.4392
1.3143
1.2472
1.327
1.539
1.7732
1.8783
1.6473
1.7715
2.1001
2.0536
1.8059
1.9911
1.8772
1.2786
1.2404
1.1123
1.3036
1.2631
1.7587
1.7649
1.1312
1.533
1.5376
1.4244
1.0878
1.4288
1.5078
1.7364
2.0599
2.147
2.0561
1.7867
1.9984
2.084
2.3403
2.3972
2.1808
1.1892
0.6985
0.7716
1.0376
0.9342
1.243
0.7574
1.1373
1.1556
1.2666
1.8236
1.2154
1.4139
1.2207
1.3695
0.9929
0.7912
0.5136
0.1378
0.3128
0.3928
0.4159
0.4219
0.3488
0.2488
0.1838
0.1941
0.5848
1.4982
1.5076
1.6005
0.7527
0.7499
1.1437
0.5207
0.4761
2.3017
2.333
2.1067
1.9288
1.7375
2.3257
2.3341
2.6605
2.4584
2.2404
1.8322
1.8238
1.2678
1.7272
1.1121
1.0175
0.768
0.7567
0.6674
0.9492
0.8666
1.0628
1.0542
0.9186
1.0066
1.0018
1.2166
1.2153
1.1518
0.978
1.3316
1.5843
1.2179
1.2143
1.2344
0.9542
1.5431
1.3862
1.5563
0.6487
0.9934
1.3666
1.203
1.3468
1.4242
1.6132
1.2443
1.0809
0.649
0.5097
0.7387
1.2088
1.1127
0.8079
0.719
1.1368
0.8974
0.7819
1.3289
2.1137
2.0777
1.4643
1.552
1.6432
2.231
2.5039
3.1034
2.3427
1.2469
1.3338
1.5717
1.5246
2.4633
2.7761
3.1165
3.5206
2.4386
2.135
1.5086
1.4469
1.2466
1.3529
1.4531
1.4756
1.5666
1.5182
1.528
1.7863
1.619
2.2249
2.2
1.5
1.3
0.8
1.3
1.2
1.2
1.3
1.7
1.6
1.6
1.3
1.4
1.4
1.6
1.6
1.7
1.5
1.4
1.4
1.5
1.2
1.4
1.8
1.7
1.8
2.2
2.5
2.2
2.3
2.2
2.2
2.3
2.6
2.9
3.2
2.9
2.8
2.7
2.2
3.2
3.1
2.9
2.9
3.7
3.9
4.4
3.5
2.7
3.3
3.5
4.1
3.7
3.9
3.8
3.6
4.1
3.6
3.3
3.8
2.9
3.5
2.8
3.4
3.2
3.8
3.6
4.1
3.4
3.6
3.4
3.4
3
2.6
2.9
2.9
2.9
2.8
3.1
2.9
3.2
3.5
2.7
2.8
3.4
2.8
2.5
3.1
3.2
2.6
3.2
3.2
2.6
2.7
2.8
2.7
2.8
2.7
2.4
2.4
1.8
1.3
0.6
0.7
1.2
1.4
1.7
1.9
1.7
1.3
1.8
1.9
2.4
2.5
2
1.5
1.6
1.7
1.9
2
1.7
2
1.9
1.5
1.1
1.4
1.9
2.1
1.9
2
1.7
1.6
1.7
2.1
1.9
1.3
1.3
1
0.3
0.4
0.7
0.9
0.8
0.6
1
1.7
2
2.3
2.6
2.4
2.5
2.2
2.4
2.4
1.2
0.9
1.3
1.4
1.6
1.4
0.7
0.8
1.6
1.8
1.3
0.5
0
0.5
1
0.8
0.3
0.8
1.7
2.2
1.9
2.3
2.4
2.4
2.8
2.1
2.3
2.4
2.2
1.6
1.3
1.1
0.7
0.6
0.6
1.4
1.2
1.5
1.4
1.3
1.3
0.5
0.9
2
2.6
2.6
2.6
2.6
1.7
2
2.2
2.1
1.6
0.3
0.4
0.7
0.7
1.6
0.9
0.2
0.9
0.7
1
1.2
2.2
1.7
2
1.4
1.7
2.3
2
1.5
1.7
1.4
1
0.8
1.2
1.7
1.3
1.5
2.4
2
1.5
1.2
1
1.1
1.1
1.8
1.7
2.1
1.6
1.3
1.7
2.1
1.8
1.4
0.7
0.5
1.4
1.2
0.9
1.2
1.2
1.3
1.3
1.4
1.8
1.6
1.5
1.3
1.2
1.2
1.1
1.4
1.4
1.8
1.4
1.4
1.5
1.5
1.5
1.9
1.6
1.4
1.5
1.4
1.6
1.6
1.6
1.7
1.7
1.7
1.8
1.6
1.5
1.7
1.8
2
1.7
2
2.5
2.4
1.8
1.9
2.1
2.5
2.2
2.5
2.6
2.2
2.2
2.4
2.4
2.4
2.2
2.8
2.7
2.2
2.9
2.5
2.9
3
3.6
3.6
3.3
3.2
3.6
3.9
3.2
3.4
3.3
3.5
3.2
3.5
4.3
3.8
2.5
3.4
3.2
3.2
3.4
3.2
4.3
4.3
4.4
3.6
4.2
3.7
3.9
3.7
3.5
3.5
3.5
3.1
2.9
3.4
2.6
3
2.9
2.3
2.4
2.6
3
2.9
3.1
2.8
2.5
2.2
2.4
2.9
2.7
2.6
2.4
2.5
2.5
2
2.1
2.3
2.3
2.1
2.1
1.9
2
2.3
2.2
2
2.1
2
1.7
1.4
1.4
1.3
1.2
1.2
1.2
1.2
1.1
0.9
0.7
0.8
0.8
0.9
1.1
0.9
1
1.4
1.8
0.9
0.4
0.3
0.4
0.9
0.7
0.8
1.5
1.1
0.7
0.6
0.8
1.2
1.2
1.1
1.2
1.7
1.7
1.4
1.4
1.7
2
2.3
2.6
2.6
2.5
2.6
2.4
1.8
1.5
1.6
1.5
1.7
1.8
2.2
1.9
1.7
1.6
2.1
2.1
2
2
1.5
1.2
1.1
1.4
1.2
1.1
1.3
1.8
2
1.9
1.8
1.5
1.5
1.8
1.1
0.9
0.8
0.5
0.6
1.5
1.2
1.5
1.9
1.8
1.6
1.6
1.5
1.5
1.1
0.6
0.3
0.4
0.2
0.4
0.7
0.9
1.1
1.1
0.9
1.2
1.1
0.8
1.3
1.4
1.7
1.4
2.3
1.5
2
2.2
1.8
2.2
2.2
1.8
0.9
1.4
1.3
1.4
1.8
1.6
1.4
1.5
1.5
1.2
1.2
0.7
0.8
0.7
1.2
1
1
0.8
1.2
0.9
0.8
0.6
1.4
2.2
2.1
2.1
2.3
2.2
2
2.3
2.2
2.3
2.3
1.7
2.3
2.1
2.4
2.6
2
1.1
1.5
0.9
1.1
1.9
2
1.3
1.1
1.4
1.5
1.1
0.3
0.4
1
0.6
1
0.9
0.7
1.1
1.2
1.2
1.4
1.3
1.4
1.5
1.1
1.2
1
1.4
1.3
1.2
1.4
1.4
1.4
1.2
1.3
1.3
1.1
1.1
1.4
1
1.4
1.2
1.1
1
1.1
1.3
1.2
1.4
1.5
1.5
1.3
1.4
1.6
1.5
1.4
1.9
1.6
1.7
1.6
2
2.5
2.5
2.6
1.8
2.2
2.1
2
1.6
2.3
2.3
2.5
2.2
2.6
3.5
3.2
3.6
3.3
3.4
3.6
3.7
4
3.3
3.1
2.4
3.5
3.2
2.8
2.9
2.8
3.3
2.9
2.5
3.6
3.2
3.5
3.4
3.4
2.7
2.9
3.2
2.3
2.8
2.2
2.4
2.3
3
2.5
2.3
2.1
2
2.1
1.8
1.8
1.7
1.6
1.9
2
2.3
2.4
2.7
2.4
2.2
2.1
2
2.2
2.5
2.1
2
2.2
2
2
1.6
1.6
1.9
1.8
1.5
1.6
1.4
1.4
1.2
1.6
1.5
1.4
1.5
1.7
1.5
1.7
2.3
2.1
2
2.3
1.9
2.3
2.3
1.9
1.5
1.6
2
2.1
2.1
1.8
2.1
2
2
1.7
1.8
2
1.8
2
1.9
1.7
1.9
1.8
2
1.9
1.6
1.4
1.6
1.7
1.7
1.7
1.7
1.9
1.5
1.7
1.5
1.7
1.9
1.6
1.8
2
1.9
1.7
1.8
1.6
1.5
1.7
1.6
1.5
1.3
1.5
1.4
1.4
1.4
1.2
1.2
1.2
1.2
1.1
1.3
1.2
1.3
1.4
1.8
1.6
1.3
1
0.8
1.1
1.1
1.4
0.9
0.8
0.8
0.5
0.2
0.6
0.6
0.5
0.4
0.4
0.1
0.3
0.6
0.8
0.4
0.5
0.7
0.4
0.1
0.5
0.6
0.8
0.7
0.7
1.5
2.2
2.3
2.3
2.1
2.1
2.2
2.2
2.5
2.8
3.3
4.3
4.6
4.5
3.8
3.5
3.4
3.6
2.1
2
2.8
2.5
2.1
2.1
1.7
1.9
1.8
2.5
2.5
2.5
2.9
2.9
2.7
3
2.9
3.3
3.5
3.2
3.5
3.4
3.4
4
3.5
3.3
3.6
3.8
3.1
3.7
3.2
3.7
3.2
3.7
3.9
3.6
4.3
4.5
4.6
4.9
5
4.8
4.6
4.9
3.9
5.3
4.7
4
3.7
3.3
3
3.5
3.7
3.3
2.5
2.5
2.9
2.7
3.9
4.2
3.6
3.1
3
2.8
2.5
3.8
4.7
3.8
3.4
3.6
3
4.3
3.8
2.4
5.5
4.9
4.8
4.6
5
6.2
5.4
4.8
5.4
3.8
4.2
5.3
4.6
5.1
3.2
4.2
4.3
5.3
3.8
3.8
3.8
4.3
3.8
4.5
4
3.9
2.7
3.9
4
4.5
3
3.2
3.8
3.8
2.1
2.8
3.3
3.1
3.1
3.7
3.6
4.6
3.9
4.1
4.4
4.6
3.9
3.7
3.8
4.1
3.9
3.9
4.4
4.2
4.1
3.7
3.5
3.3
2.8
2.8
3.1
2.9
2.3
2.6
2.2
1.4
1.3
1.6
1.9
1.4
1.9
2.7
2.8
2.3
2.3
2.4
1.8
1.8
2.2
2.6
2.3
2.6
2.8
2.8
2.5
2.6
2.8
2.6
2.5
2.8
3
2.8
2.6
2.5
2.6
2.3
2.3
2.3
2.4
2.3
2.5
2.8
2.2
2.1
2.1
1.9
1.4
1.2
1.3
1.5
1.2
1.1
1.2
1.3
1.4
1.2
1.4
1.3
1.4
1.6
1.1
0.6
1
0.7
0.3
0
0
0.1
0
0
0.3
0
0
0
0.1
0.6
0.7
1
1.4
1.6
1.6
1.5
1.4
1.1
1
1.3
1.2
1.1
0.9
0.3
0
0
0
0.1
0.6
0.2
1.1
0.9
0.5
0.5
0.8
1.4
1.7
1.9
2.1
2.5
2.5
2.5
2.6
2.1
1.8
1.8
1.5
1.8
2.5
2.5
2.1
2.5
2.2
1.7
1.9
1.9
1.6
1
1.3
1.1
0.4
0.6
0.3
0.5
0.4
0.5
0.7
0.9
1.1
1.2
1.5
1.7
1.3
1.1
1.8
1.9
1.8
1.9
1.8
1.7
1.2
0.9
0.6
0.2
0.3
0.1
0.1
0.3
0.1
0
0.3
0.9
0.4
0.1
0.1
0.3
0.6
1
1.6
1.5
1.6
1.1
1.2
1.3
0.9
1.3
0.5
0.5
1
2
2.4
2.8
3.1
2.9
3.4
3.1
3.9
3.7
3.6
3.3
3.4
4.1
3.9
3.4
4.2
5.1
4.7
4.3
4.3
3.9
2.2
2.3
3
2.2
3
2.6
2.3
2.8
2.1
1.8
1.8
1.5
2
2.9
2.4
2
2.3
1.4
1.8
2.8
2.1
2.4
2.9
2.7
2.7
2.5
2.4
2.3
1.8
1.4
1.7
1.4
2.2
1.5
1.6
1.3
2
2.2
2.2
2
1.6
1.4
1.4
2.4
1.8
1.7
2.5
1.6
1.7
2.2
2.5
2.5
2.1
2
2.3
2.4
2.7
2
2.6
3
3.1
2.9
2.9
3.5
4.1
3.6
3.7
4.1
3.4
3.8
3.9
3.6
3.4
3.1
3.8
3.8
2.8
3
3.3
2.5
3.4
3
2.6
2.4
2.1
1.7
1.7
1.5
1.4
1.3
0.8
1
1.3
1.4
0.9
1
1.3
1.2
1.3
1.4
0.8
0.8
1
1.8
1.5
1.7
1.4
1.5
1.6
1.4
1.4
1.7
2.1
1.6
1.8
1.6
1.9
2
2.4
2.2
2.2
2.5
2.2
2.1
2.4
2.4
1.7
1.2
0.9
1.1
1.5
1.6
1.7
2.2
2.6
2.8
2.8
2.9
2.8
2.6
2.1
2.2
2.3
2.1
1.7
1.5
1.3
1.6
1.6
1.8
1.8
1.8
1.6
1.5
1.6
1.7
1.8
2
2
1.2
0.6
0.4
0.4
0.8
0.8
1
0.9
0.9
1
0.9
0.5
0.3
0.3
0.6
0.6
0.4
0.2
0.3
0.1
0
0.4
0.6
0.7
0.7
0.8
0.6
0.8
0.7
0.5
0.5
0.6
0.2
0.4
0.6
0.7
0.8
0.7
0.5
0.3
0
0
0
0
0.4
0.2
0.3
0.5
0.4
0.4
0.2
0.1
0.1
0
0
0.2
0.1
0
0.1
0.3
0.4
0.4
0.3
1
0.7
0.7
1.3
0.9
1
1.7
1.4
1.1
1
1.1
1
1
1.1
1.2
1.3
1.4
1.2
1.1
1.2
1.6
1.2
0.8
0.6
1
0.7
0.8
1.2
1.3
1.4
1.6
1.9
1.7
1.4
1
1.5
1.6
1.5
1.3
1.5
1.3
1.3
1.1
0.6
1.4
1.3
0.2
0
0.5
0.8
0.9
0.3
0.3
0.8
0.5
1
0.7
0.5
0.3
0.5
0.4
0.8
0.9
0.7
0.6
0.7
0.9
0.9
1.1
0.9
1.1
1.1
1
1
1.1
1.2
1.1
1.1
1.4
1.6
1.2
1.5
1.1
1.1
1
1.1
1.1
1
1.1
1.3
1.7
1.4
1.6
1.1
1.6
1.6
2
2
2.1
1.7
1.6
2.1
2
1.9
1.8
2.3
2.3
2.8
2.8
3
3
4.2
4.5
5
4.7
5.4
6.1
6.2
5.6
6.5
5.6
5.9
5.9
6.3
6.3
6.1
5.7
5.2
5.9
6
6.9
6.4
6.1
5.8
5.9
6.2
6.4
5.7
6.1
5.1
5
6.7
6.9
6.3
6.1
6.2
6.1
7
6.7
7.2
7.081
6.8
6.5
6.8
6.1
6.5
5.3
5.6
5.8
6
6.2
5.7
5.7
5.3
5.5
5.5
5.9
5.3
4.8
4.5
5.6
5.3
4.3
4.7
4.5
4.5
4.5
4.3
3.3
3.5
3
3.5
3.6
3.4
3.5
4
3.5
3.5
3.7
3.8
3.9
4.2
3.8
4.4
3.9
4.4
4.2
3.9
3.9
3.7
3
3.2
3.5
3.5
3.8
3.4
3.5
3.4
3.4
3.3
3
3.3
3.3
2.8
3.5
2.9
3
3.6
3.4
2.5
2.9
3
2.8
3.4
2
2.8
1.6
1.6
1.4
2
2.1
4
2.9
2.3
2.8
2.5
1.9
2.2
2.1
1.7
1.9
1.8
1.8
1.5
1.6
2
1.6
1.7
1.3
1.9
2.3
2.6
2.4
2.4
2.1
2.3
2
2.2
1.9
2.1
1.9
1.8
1.8
1.9
2.1
2.1
2
1.5
1.3
1.3
1.7
1.1
2.1
0.9
2.2
1.3
1
1
2
1
1
1
0.9
1.3
1
1.3
0.9
0.7
1.5
2
1.9
1.6
1.5
1.2
0.8
0.7
0.9
1
0.9
1.2
1.3
1.4
1
1.5
1.5
1.9
1.9
1.9
1.7
2.1
1.5
1.6
1.8
1.7
1.9
2.4
2.1
1.8
1.9
1.9
1.7
2.3
2.3
1.7
2.1
1.9
1.9
2.5
2.3
2.2
1.7
0.7
1.2
1.2
0.9
1
1.4
1.7
1.6
2
1.5
1.5
1.4
0.9
1.1
1.5
1.6
1.6
1.2
1
0.8
1.1
0.7
0.7
0.6
0.6
0.8
0.9
0.9
1
1
1
0.9
1.3
1.3
1.6
1.5
1.9
2.2
2
1.9
1.5
0.9
1
1.3
1.6
1.8
1.7
1.5
1.3
1.6
1.6
1.6
1.7
1.7
1.8
1.8
1.7
2
2.1
2
1.7
1.9
1.9
2.5
2.6
2.8
2.9
2.8
2.5
2.9
2.7
3.6
3.4
3.2
3.3
3
3.4
3.8
3.3
3.4
3.6
3.6
3.6
3.5
3.5
3.2
3.6
3.3
3.3
3.3
3.7
3.8
4
3.7
3.1
3.8
3.8
3.8
4
3.6
3.3
3.5
3.4
4
3.7
3.7
3.4
3.2
3.2
3.1
3
3.1
3.1
2.7
3.4
2.9
2.8
2.5
2
2.1
2.2
2.7
2.5
2.5
2.2
2
2
2.3
2
1.9
2.3
2.4
1.5
1.3
1.7
1.6
1.4
1.5
1.6
1.3
1.4
1.6
1.1
1
1.8
1.8
1.1
0.9
1.1
1.3
1.2
1.2
0.9
0.9
1.3
1.4
0.7
1
1.4
1
1.5
1.2
1.2
0.8
1.6
1.3
1.4
1.5
1.7
1.8
1.4
1.7
1.6
1.6
1.7
2
1.6
1.4
1.6
2.2
1.4
1.4
1.9
1.8
1.9
1.5
1.4
1.6
1.4
1.5
2.2
2.3
1.8
1.8
1.7
2
1.6
1.4
2.1
1.6
0.6
0.9
1.4
1.3
1.5
0.9
0.6
1
0.8
1.3
1.5
1.2
0.7
0.6
0.4
0.8
0.6
1.2
1.1
1.2
1.2
1.6
2.2
2
2
1.9
1.4
1.7
1.7
2
2.2
2.9
2.3
2.4
2.2
1.2
1.3
0.6
1.3
1.6
1.7
1.2
0.7
0.8
0.9
1.2
0.8
0.7
0.7
0.9
0.8
0.8
0.4
0.9
1.6
2.1
2
1.6
1.9
2.1
1.9
1.8
1.7
1.6
1.7
1.2
1.2
1.2
1.3
1.7
1.6
1.4
1.7
1.8
1.9
1.3
1.5
1.5
1.6
1.7
1.5
1.7
1.4
1.1
2.2
2.9
3.3
3.6
3.7
2.9
3
4.1
4.5
4.1
3.5
3.4
3.5
3.2
2.7
2.5
2.6
2.9
2.9
2.8
3.3
3.4
4.8
4.2
4.9
5
4.5
3.9
2.9
2.8
2.9
5
3.6
3.3
2.6
3.5
3.3
3.1
3.1
3.1
3.2
4.5
3.6
4.4
4.4
3.5
4.6
3.3
3.5
3.4
3.2
3.2
3.3
3.7
3.8
3.3
3.2
4
4.6
4.6
4.7
5.2
5.1
3.8
3.8
3.9
3.9
3.2
3.1
3.3
3.6
2.7
4.4
3.9
4.1
2.9
4.2
2.8
3
3.4
3.2
3.8
3.2
3.7
2.7
3.1
3.7
3.3
3.5
4
3.2
2.8
2.4
1.9
2.3
3.5
2.2
1.3
2.3
2
1.8
2.2
1.5
1.1
1.4
2.8
2.7
2.4
2.1
2.7
2.5
3.1
3.5
2.9
2.6
2.4
2.2
2.2
2
1.3
2
1.9
1.7
2.7
3
2.7
3
2.4
2.7
2.2
2
1.4
2.1
2.4
2
2.5
2.4
1.8
1.9
1.9
2.1
1.8
2.2
2.5
2.3
2
2.3
2.4
2.2
2.1
2.6
2.3
1.7
2.1
2.3
2.1
2
2
1.7
1.9
1.7
1.5
1.5
1.2
1.3
2.4
1.8
2.3
1.9
1.4
1.9
1.8
1.3
1.5
1.5
1.7
1.8
2.1
2.1
1.8
1.7
1.8
2
1.9
2.2
2.3
2.6
3
2.4
1.6
1.2
1.7
2.1
0.8
1.5
3.5
2.5
2.4
2.1
0.9
1.6
0.7
0.9
1.4
0.7
0.7
1
0.7
1.6
2.1
2
3
3
3.1
3.1
3.8
3.1
3.6
3.9
4.1
4.7
4.9
4.9
3.9
3.9
4.1
4.1
4.2
4.2
4.4
4.7
4.7
4.8
4.7
5
4.9
4.5
4.4
4.4
4.8
4.4
4.9
4.6
4.3
4.2
4
4.1
4
4.5
4.1
4.1
4.1
4.5
4.7
5.4
5.2
4.9
4.8
4.6
4.3
4.3
3.8
3.4
2.5
2
3.2
4.1
3.7
4.4
5
4.8
5
4.3
4.1
4.4
4
4.2
5.8
6.6
6.2
5.2
4.5
3.9
4.1
4
4.2
4.2
5
4.6
4.9
4.7
4.8
4.7
5.4
5.5
5.5
5.2
5.1
5.5
6.1
5.7
6.4
6.4
6.6
7.1
7.4
7.7
6.2
6.1
5.6
4.9
5.9
5.6
6.2
6.1
4.5
6
5.4
4.7
6.2
6.4
6.1
5.6
3.8
3.1
3.6
2.5
3.1
3.9
4.1
3.9
3.2
4.6
4.1
4.2
4.3
3.4
3.6
4.2
4
3.8
3.4
3.3
3.9
3.5
3.7
4.1
4.4
3.9
4.1
3.6
3.7
3.8
2.9
3.4
3.5
3.2
3.2
2.8
3.6
2.9
2.3
1.8
2.6
2
2.9
2.9
2.5
3.3
3.2
2.4
2.6
1.5
1.5
1.4
1.7
1.9
1.3
2.3
1.4
1.4
1.5
1.4
1.7
2
2.2
2.2
1.4
1.2
0.8
1.2
1.7
1.8
1.7
1.5
2.1
1.7
1.6
1.7
3.4
3.4
3.3
2.9
3.7
2.8
3.5
3
3.5
3.7
3.9
4.7
4.7
3.9
4.1
4.1
3.6
3.6
3.7
3.3
3.6
3.6
3.2
2.8
1.9
1.8
2.5
2.5
2.2
2.5
3.2
2.9
2.2
2.3
2.7
2.5
2.1
1.7
2.3
1.9
1.7
1.7
1.5
1.5
1.4
1.4
1.5
1.5
1.3
1.4
1.3
0.9
0.9
1
1.3
1.7
2.2
2
2
1.9
2.4
2.5
2.6
2.7
2.8
3.6
3.6
3.3
2.6
3
2.5
2.5
2.3
2.6
2.8
2.7
2.7
2.8
2.7
2.7
2.3
1.9
1.9
2.3
2.3
1.7
1.4
1.8
1.5
1.6
2.1
2.4
2.6
2.2
2.8
3.2
2.9
2.7
2.6
3
3.6
2.6
3.4
3.8
3.4
2.3
2.4
1.4
1.6
1.8
1.5
1.5
1
0.9
1.4
1.8
1.4
0.9
1.2
1.2
1.6
1.7
1.9
2.2
1.9
1.4
1.5
2.1
1.5
1.5
1.9
2
2
2.3
1.9
2.2
2
2.3
2.5
2.6
2.3
1.6
1.4
1.7
1.7
1.4
1.6
1.6
1.9
2.7
2.3
2.2
2.4
1.9
1.6
0.9
0.4
1
1.3
2.2
1.9
1.6
1.5
1.8
2.1
2.1
2.8
2.6
1.8
2.3
2.5
2.2
2.1
2.3
2.2
1.7
3.2
3.3
2.2
2
1.6
1.8
2
2.1
2.6
2.1
2.7
3
3.8
3.1
2.5
1.7
1.7
1.9
2
2.8
2.4
2.1
1.9
1.9
1.6
1.2
1.3
1.9
1.6
1.6
1.6